Residue Mass r Chare A A0
Ala 71.08 0.2845 0 0 0
Arg 157.20 0.3567 1 0.866 0.05
Asn 114.10 0.3150 0 0 0.05
Asp 114.08 0.3114 -1 -0.866 0.05
Cys 103.14 0.3024 0 0 0.05
Gln 128.13 0.3311 0 0 0.05
Glu 128.11 0.3279 -1 -0.866 0.05
Gly 57.05 0.2617 0 0 0
His 137.14 0.3338 0 0 0.05
Ile 113.16 0.3360 0 0 0
Leu 113.16 0.3363 0 0 0
Lys 129.18 0.3439 1 0.866 0.05
Met 131.19 0.3381 0 0 0
Phe 147.18 0.3556 0 0 0
Pro 98.13 0.3187 0 0 0
Ser 87.08 0.2927 0 0 0.05
Thr 101.11 0.3108 0 0 0.05
Trp 186.21 0.3754 0 0 0
Tyr 71.08 0.2845 0 0 0
Val 157.20 0.3567 1 0 0
Ade 315.697 0.4220 -1 -0.866 0.05
Cyt 305.200 0.4110 -1 -0.866 0.05
Gua 345.200 0.4255 -1 -0.866 0.05
Ura 305.162 0.4090 -1 -0.866 0.05